11
8018
28
32
8033
35
41
8041
50
54
54
57
8057
60
69
8077
8079
8086
90
8090
8093
8097
8097
8129
8129
138
8139
8141
8143
145
8147
8149
8155
161
163
166
174
8181
189
8196
8196
200
8201
8213
8224
238
8267
8273
284
8285
8289
8292
294
8298
8299
8300
8310
8314
8325
8326
328
329
8332
8332
347
354
356
8361
363
8368
8379
8381
382
8391
392
8401
408
433
439
8439
8442
447
8451
8452
471
8476
8480
484
8489
491
8492
501
8505
8509
515
519
8524
525
534
534
540
560
8575
580
8586
587
588
8588
8612
8619
626
630
635
641
8645
8650
8651
8654
8655
8656
8671
8674
682
8689
8694
697
699
700
705
8705
723
725
8730
732
8732
8734
8739
741
742
8743
745
767
769
8773
8776
782
782
8782
8790
8800
8800
8806
8810
812
8812
8822
8830
841
8843
844
8850
860
8871
876
8884
8887
8889
8893
8895
8898
8899
8902
911
8915
8923
928
8933
934
937
939
950
964
966
974
8975
988
8990
8994
995
996
1006
9007
1008
1014
1014
9015
1022
9022
1031
9033
1041
9041
9047
9049
1055
9068
1078
9084
1088
1095
9096
1097
1097
9102
9109
1112
9116
9123
1126
1129
9130
1132
1144
1146
9152
9161
9162
9165
9189
9190
1191
9195
1199
9201
9209
1211
1212
9215
1220
1223
9225
9230
9233
9235
9236
9237
9239
9245
9252
9253
1254
1254
1260
1260
1262
9265
1266
9278
1297
1299
9308
9315
1317
9318
9318
9324
9332
1333
9334
9341
9344
1349
9350
9358
1360
1361
9363
1369
1372
9377
1382
1390
1390
9391
1416
1421
9430
9432
1439
1439
9443
9455
9464
9466
9469
9470
1476
1483
9489
9493
9498
9501
9502
1512
9522
1523
9526
1528
1547
1547
1553
9564
1566
1571
1572
1572
1578
9586
9589
9597
1601
1608
9615
1627
1631
9635
1639
1641
9656
1659
1660
1669
1671
9672
9674
1688
1696
1696
1698
9706
9714
1727
9727
1730
1733
1754
1762
1762
1771
1782
1789
9794
1803
1804
1811
9811
1825
9835
1837
1840
1840
9843
1845
1846
9847
9848
1862
9864
1875
1876
1882
1890
1897
1907
1909
1910
1911
1922
1924
1934
9941
9951
9952
1958
1975
9977
9979
1980
9989
1990
1997
9999
2003
2009
2022
2029
2035
2043
2046
2057
2072
2078
9041
2106
2108
2108
2115
2145
2158
2182
2191
2197
2210
2217
2219
2219
2226
2236
2244
2252
2254
2261
2275
2289
2291
2309
2314
2322
2328
2331
2336
2338
2382
2393
2400
2426
2428
2440
2441
2443
2444
2448
2460
2470
2480
2502
9260
2562
2569
2572
2574
2575
2581
2589
2604
2604
2615
2627
2641
2654
2666
2690
2703
2721
2729
2739
2748
2762
2772
2777
2800
2810
2822
2833
2842
2842
2877
2882
2883
2887
2887
2908
2910
2924
2925
2928
2928
2931
2931
2936
2941
2946
2960
2972
2979
3011
3017
3042
3042
3049
3052
3054
3071
3074
3081
3082
3119
3123
3129
3129
3132
3156
3168
3214
3238
3239
3245
3248
3257
3260
3276
3283
3287
3296
3303
3313
3314
3318
3328
3335
3349
3352
3363
3382
3413
3414
3415
3438
3439
3442
3449
3471
3471
3475
3488
3503
3524
3540
3563
3571
3590
3597
3599
3601
3604
3616
3619
3621
3635
3647
3660
3667
3686
3735
3742
3752
3779
3787
3802
3818
3821
3828
3831
3838
3846
9922
3857
3873
3879
3916
3937
3942
3943
3943
3945
3984
3987
3992
12000
4002
4007
4009
4009
4011
4023
4052
4066
4067
4107
4124
4130
4139
4165
4261
4273
4318
4319
4321
4337
4340
4343
4345
4364
4365
4376
4385
4395
4401
4425
4430
4433
4467
4470
4479
4491
4509
4521
4525
4526
4565
4577
4577
4580
4606
4614
4618
4619
4628
4636
4658
4661
4674
4690
4705
4714
4716
4738
4758
4759
4763
4765
4773
4773
4775
4779
4797
4801
4817
4819
4824
4829
4836
4858
4872
4874
4877
4898
4923
4924
4935
4944
4954
4959
4960
4964
4972
4981
4985
5024
5034
5069
5074
5103
5106
5125
5129
5134
5143
5149
5150
5161
5177
5181
5185
5202
5215
5226
5235
5242
5257
5259
5265
5267
5268
5270
5288
5298
5308
5310
5316
5324
5325
5328
5329
5361
5367
5381
5385
5394
5397
5461
5473
5480
5514
5523
5524
5525
5539
5544
5553
5564
5575
5607
5608
5610
5636
5661
5678
5733
5737
5761
5766
5767
5769
5776
5786
5786
5788
5790
5794
5822
5824
5826
5835
5844
5845
5870
5886
5891
5891
5896
5904
5911
5925
5926
5932
5938
5944
5950
5961
5961
5963
5968
5972
5984
5996
5997
6004
6007
6014
6031
6043
6065
6069
6076
6088
6091
6097
6112
6114
6119
6124
6126
6142
6175
6184
6189
6189
6195
6218
6220
6221
6231
6246
6256
6259
6261
6271
6288
6289
6293
6294
6302
6330
6335
6352
6357
6375
6376
6376
6377
6384
6386
6390
6394
6399
6407
6410
6426
6445
6451
6456
6458
6465
6467
6472
6475
6485
6496
6497
6497
6504
6511
6531
6533
6538
6540
6553
6565
6571
6572
6573
6576
6587
6588
6591
6598
6617
6632
6644
6665
6667
6668
6673
6677
6679
6679
6683
6718
6736
6739
6739
6746
6748
6754
6756
6765
6778
6799
6819
6835
6841
6842
6844
6846
6847
6857
6857
6859
6861
6866
6873
6875
6878
6920
6924
6959
6978
6987
6990
6997
7003
7003
7006
7009
7031
7060
7079
7082
7113
7119
7120
7144
7172
7175
7186
7188
7192
7194
7209
7210
7242
7275
7293
7293
7307
7321
7326
7353
7364
7367
7374
7379
7385
7389
7404
7437
7438
7450
7467
7472
7476
7478
7478
7494
7497
7497
7524
7533
7555
7559
7572
7572
7592
7593
7597
7602
7604
7608
7616
7617
7637
7648
7664
7667
7670
7682
7682
7699
7706
7713
7733
7742
7743
7744
7750
7754
7757
7774
7775
7782
7784
7802
7802
7808
7822
7830
7832
7859
7860
7876
3943
7892
7934
7936
7949
7952
7954
7977
7984
7996
